"1" "2" "3" "label"
"1" -1.20664144077037 -1.49182741664127 0.971399866396944 1
"2" 0.753910364407918 -0.337762160980611 -0.63242237607948 1
"3" -2.56511512546279 -0.765537446284796 -0.974363365944847 1
"4" -0.399654847573653 -2.39776274845058 -1.38964574050860 1
"5" 0.533244885692493 -0.283117487501775 1.51679017449970 1
"6" -0.0293354214965625 -0.854672586752121 1.93920478566683 1
"7" -0.493120935301436 1.10370868668375 -1.08069888297244 1
"8" 0.89669103618033 -1.54482553332720 -0.196201893125508 1
"9" 2.02962144853947 1.58037434810357 1.97207904128754 1
"10" -0.175185479879231 -0.0133310434843871 -1.71687369371564 1
"11" -3.19012812807225 -0.87938350992176 -0.1518879472014 1
"12" 0.331862232178978 1.08866637659117 0.219427093129522 1
"13" -0.848591443884483 -0.86001335502007 -1.56146832577812 1
"14" 0.422550836062604 -0.793312475389669 -0.322302241784945 1
"15" -1.61831284446743 -0.719578996911052 -0.803779602345399 1
"16" 0.541470617082445 0.66986335690185 0.292616996740084 1
"17" 1.97173207057859 -2.41690411237734 -0.621578480286517 1
"18" -2.55149636809173 0.249120141904205 0.331390443243747 1
"19" 1.09166937111237 -2.34237022606479 0.257816915999596 1
"20" -0.320507151105181 -1.13073095204598 -0.355880549485062 1
"21" 0.0657069252582159 -0.732448626935338 0.538911911797332 1
"22" 2.26530260662417 1.26091352007830 0.0911570883011752 1
"23" -1.43843182018494 0.96411415267993 1.0593028578929 1
"24" -0.418951321011836 1.88781318040916 -0.999353627380664 1
"25" 1.40458946875856 -0.0542478897134735 1.08827573269288 1
"26" 1.69107999099683 -0.734832065870276 0.0096604151028744 1
"27" -0.471252115558983 0.688575733974575 -0.87764289677114 1
"28" -0.654934056967085 0.445188298697595 -0.201868949732015 1
"29" -0.336230559072476 1.64615049907382 -0.202664977113606 1
"30" 0.543315809735277 -3.20362636719004 -1.12618702237794 1
"31" -0.0764722693695849 -1.59696680912143 -0.0116029537496345 1
"32" 1.24247729881502 1.60559691035497 0.74451191850574 1
"33" 1.33449527583108 -1.26672651614608 1.50939745980267 1
"34" -0.900442300878617 0.72461631808921 0.419777973036412 1
"35" -1.60124465046196 -1.29164173146582 1.16282422530504 1
"36" 0.877051632629532 1.67001211229476 -0.119807748139953 1
"37" 1.13948500996566 1.716116813107 1.24883074753222 1
"38" -2.78199372578146 -0.371126696126056 0.774258743906491 1
"39" 1.64445618378733 2.22315564655121 -0.278313754365032 1
"40" 0.44438517743579 -1.02047833455170 -0.907152810610594 1
"41" 4.7759113812041 3.65055640718979 4.73916886520019 2
"42" 4.88062895618946 3.52565612089417 4.7071226781992 2
"43" 3.52411478271404 4.79962425314871 2.74367548326203 2
"44" 4.03078046558696 3.65100721356725 3.58746320008872 2
"45" 3.23885244508235 0.420393201964106 4.44349921603292 2
"46" 2.86571517794663 3.88978322319115 4.57723096878176 2
"47" 4.97394749365503 3.49939260600637 5.35891604525618 2
"48" 4.12976094156000 6.69852345670976 4.19781801956443 2
"49" 5.59892862897359 3.92166731472545 3.45153068780358 2
"50" 2.41492398104919 3.30517838544364 5.60303662372558 2
"51" 5.49715426258853 3.18824731540348 2.7830100479025 2
"52" 4.91786028455591 1.30005650798293 7.81419539020865 2
"53" 4.01998475664774 3.19210167259678 4.41327323680718 2
"54" 4.37779852513892 3.16948345792006 6.36197269570967 2
"55" 4.02488598618232 1.93625155578367 2.98091113276176 2
"56" 5.56313836626372 4.79026405406837 3.93539058778756 2
"57" 4.25231013770869 4.10599948775687 4.45724297837285 2
"58" 3.92501736042130 5.59829312010846 2.78760988364748 2
"59" 4.95744217805155 3.84941425855076 5.07174409355738 2
"60" 3.24491073858902 3.98655249362054 5.61441934184915 2
"61" 6.0683494279304 6.09841580147025 4.79921998042965 2
"62" 4.9293884825412 5.13067673041238 4.27493093059195 2
"63" 3.87230756986594 2.01740112438699 3.79556466810924 2
"64" 4.24611189451552 5.39880922759778 3.20495151298942 2
"65" 4.90834550673038 4.69688706085238 4.03304734528445 2
"66" 4.8568077861973 2.54939380488183 2.9413825435395 2
"67" 4.41451277388945 1.02596395429135 6.07564351625555 2
"68" 1.94848129821309 4.34920027301806 1.90716810200824 2
"69" 3.97031526504461 2.92086734408954 5.36173218863954 2
"70" 3.27875836767261 3.55438000348109 4.23388000220540 2
"71" 3.44314575394258 2.93020738597537 5.41971160921238 2
"72" 3.82711288880551 5.33478251667044 3.06889337595441 2
"73" 2.38423338540940 4.57593973057137 4.13573662501512 2
"74" 4.61643191723607 5.4110676714911 6.48324641802076 2
"75" 3.86226480141941 4.55746593367186 5.07899287616096 2
"76" -3.16053001124666 -3.1403134793577 4.45474951656391 3
"77" -4.70218311526217 -5.1678707222377 5.08213040093793 3
"78" -5.51595571501273 -3.2095348106333 5.46784162438891 3
"79" -6.84842671641719 -3.29768688634550 3.62347988249043 3
"80" -4.06460559766091 -4.05857553668271 3.74795289676301 3
"81" -3.45468382833592 -3.99973202063332 6.62417827767 3
"82" -5.72008987101415 -2.07252016142138 3.85287215875529 3
"83" -3.95123541904509 -4.60704361339132 3.82004348710998 3
"84" -4.93082357123411 -6.33646062990749 4.3536588537034 3
"85" -3.28786287019284 -2.55197421455885 3.45228810933453 3
"86" -3.83475214885580 -2.52552466005627 3.39475017529637 3
"87" -4.70273832150859 -3.14016862159675 4.71242138821688 3
"88" -3.42020739193412 -3.46321914697097 4.32877552053808 3
"89" -3.34146369431882 -1.04621399943942 5.46854613397845 3
"90" -4.35301223615182 -4.51317963693493 4.20693116442844 3
"91" -5.32223537584138 -3.76448701813571 5.45720689675055 3
"92" -2.93819354763511 -5.01936475196566 3.93858182798546 3
"93" -0.859076723416383 -5.71787483119008 4.66992780564941 3
"94" -3.42722288932773 -2.44669995071432 4.54032334857718 3
"95" -4.40382081076315 -4.6039751018509 5.51279284681132 3
"96" -2.27395771619170 -6.1695762573126 4.24642686475017 3
"97" -6.42543022975956 -0.786057494021887 4.56797591407553 3
"98" -5.17307287156232 -4.46489358632829 4.50392131317867 3
"99" -3.53142958037077 -3.72744684208402 2.84551799891446 3
"100" -6.17515296568911 -6.31697783576802 3.16607019044632 3
"101" -5.31018314208998 -5.12721301957224 5.11814113165938 3
"102" -5.52526408063412 -3.50384333428194 4.12106779251955 3
"103" -4.65065669943164 -4.29046821527911 2.48961599913026 3
"104" -5.8176444416347 -3.86780835811805 4.65681489702342 3
"105" -6.72583097760431 -4.05007605563783 4.17824974831128 3
"106" -4.26032693961309 -2.76671866353257 5.19456443801016 3
"107" -3.79442538740068 -2.50510899267678 2.52985200209426 3
"108" -3.25872957043974 -3.61139396822004 0.62736339169746 3
"109" -3.11354649180092 -1.71782356016926 3.15369314432239 3
"110" -4.08525246284771 -2.33766880732948 4.58441564802931 3
"111" -3.71944119198589 -5.20859730022248 4.66734948718365 3
"112" -3.55452614991313 -5.72085688957159 4.94405999758769 3
"113" -3.90395499219215 -1.42051831003413 4.06210225089463 3
"114" -4.22383946574818 -4.39539684694265 4.11239793787146 3
"115" -4.86650030189785 -6.3016401404314 4.01459923917247 3
"116" -4.08748364695245 -5.38335957377946 3.31140548053008 3
"117" -3.38665593382428 -3.88392282493023 4.92153170212657 3
"118" -5.57986206067037 -4.53128614550400 2.57153905107328 3
"119" -2.14355147897371 -2.32343783476602 4.411639020744 3
"120" -3.09258364740623 -5.79132846365643 3.24177503895344 3
"121" -4.94537535843196 -3.78803871183297 3.83199862810095 3
"122" -5.95708823319869 -4.72344189067179 3.88257939236405 3
"123" -2.9344120724367 -3.89571563386501 4.48635236771328 3
"124" -4.12102473111738 -3.22883719703478 5.73431051115987 3
"125" -4.50215695656955 -4.92136060701964 3.89364723201107 3
"126" -4.05170915853516 -5.14151368772135 5.12404272681984 3
"127" -3.71556535412762 -5.14148939312330 2.61165066191416 3
"128" -1.30722976569515 -1.54270501143540 5.95592203457741 3
"129" -5.6227253570076 -3.95144845390887 1.99128678211534 3
"130" -5.23774062839113 -6.24737809356428 3.51806682046219 3
"131" -2.27189977750325 -5.69786121300563 4.21237118982135 3
"132" -4.65976071965082 -4.06867965792724 5.71915985575194 3
"133" -3.82928156460039 -5.08008763548932 4.50819651200603 3
"134" -3.95824581804936 -4.68946069957432 4.30327617149236 3
"135" -3.34934375944713 -2.22690714557305 3.44716767420032 3
